9495.588078590059
9852.828542963583
9811.987070763073
9438.289395154554
9763.33393751256
9379.9830808735
9497.10453917338
9243.32691212603
9886.24146545755
9394.27693532349
9785.575451384162
9716.280114898285
9708.95962689414
9826.205696
9878.99015155403
8757.75060021954
9206.55151514241
9739.677182268419
10062.537744345807
10065.401612882219
10021.359492484698
10068.456758339426
10094.620694666459
9614.30738539353
9862.330491768025
9617.231111284189
9743.15633220824
9475.90562772949
9532.327749522756
9726.24042992406
9855.17712138549
9736.06308377287
9870.231001310463
9740.553395868294
9878.598959727171
8010.038071743802
8881.446777458603
9263.419150066946
9609.30396345201
9282.49602356957
9544.262768361445
10024.5269744668
10021.4510904114
9859.92762178277
9141.604352293461
10128.195584
9971.38545008088
10097.376113146918
9556.05366187396
10016.055502305759
9866.8019320949
9919.5886766095
9915.305106088066
9944.053993722475
10030.878906023256
10007.689275638417
9850.53623085543
9408.156778468656
9714.153974191626
9777.13782341803
